0  390
10 390
20 389.347
30 388.826
40 388.514
50 388.422
60 388.406
70 388.487
80 388.556
90 388.496
100 387.932
110 387.257
120 386.602
130 386.076
140 385.7
150 385.518
160 385.469
170 385.444
180 385.053
190 384.588
200 384.075
210 383.516
220 382.837
230 382.034
240 381.036
250 379.763
260 377.853
270 375.743
280 373.56
290 371.379
300 369.27
310 367.03
320 364.486
330 361.476
340 357.51
350 353.243
360 348.975
370 344.976
380 341.497
390 338.436
400 335.641
410 332.874
420 329.604
430 326.049
440 322.21
450 318.145
460 313.844
470 309.617
480 305.658
490 302.127
500 298.987
510 296.502
520 294.709
530 293.553
540 292.804
550 292.432
560 292.283
570 292.205
580 291.81
590 291.463
600 291.27
610 291.306
620 291.639
630 292.105
640 292.553
650 292.828
660 292.464
670 292.018
680 291.725
690 291.792
700 292.412