0.0 13.0
4.88 12.0
9.76 12.0
14.64 12.0
19.52 12.0
24.4 10.0
29.28 10.0
34.16 10.0
39.05 10.0
43.93 9.0
48.81 9.0
53.69 9.0
58.57 9.0
63.45 8.0
68.33 8.0
73.21 8.0
78.09 7.0
82.97 7.0
87.85 7.0
92.73 7.0
97.61 8.0
102.49 8.0
107.38 8.0
112.26 8.0
117.14 9.0
122.02 9.0
126.9 9.0
131.78 9.0
136.66 10.0
141.54 10.0
146.42 10.0
151.3 11.0
156.18 11.0
161.06 11.0
165.94 11.0
170.82 9.0
175.7 9.0
180.59 9.0
185.47 9.0
190.35 8.0
195.23 8.0
200.11 8.0
204.99 8.0
209.87 8.0
214.75 8.0
219.63 8.0
224.51 7.0
229.39 7.0
234.27 7.0
239.15 7.0
244.03 7.0
248.92 7.0
253.8 7.0
258.68 7.0
263.56 7.0
268.44 7.0
273.32 7.0
278.2 7.0
283.08 7.0
287.96 7.0
292.84 7.0
297.72 8.0
302.6 8.0
307.48 8.0
312.36 8.0
317.25 8.0
322.13 8.0
327.01 8.0
331.89 8.0
336.77 8.0
341.65 8.0
346.53 8.0
351.41 8.0
356.29 8.0
361.17 8.0
366.05 8.0
370.93 9.0
375.81 9.0
380.69 9.0
385.57 9.0
390.46 9.0
395.34 9.0
400.22 9.0
405.1 9.0
409.98 10.0
414.86 10.0
419.74 10.0
424.62 9.0
429.5 9.0
434.38 9.0
439.26 9.0
444.14 7.0
449.02 7.0
453.9 7.0
458.79 9.0
463.67 8.0
468.55 8.0
473.43 8.0
478.31 8.0
483.19 7.0